%% exercício 1

T = [ 0.9   0   0.5
      0.09  1   0.4
      0.01  0   0.1 ];

